200
1975
2659
210
2107
2475
4100
4782
2146
258
579
565
1525
1391
3172
2834
1106
1249
3308
2584
3063
1604
125
185
845
317
799
1.76
1141
1936
3011
1866
128
884
970
1534
1065
1260
260
525
184
2930
1457
3939
2146
1199
1050
3380
3560
4180
765
2658
2246
3458
3395
1323
255
349
1037
940
3062
-1
5314
1566
1347
634
337
1075
861
3164
2245
1339
2526
801
1074
2837
1876
2318
3163
2019
4783
3516
1651
3202
2917
295
3782
3857
3982
-1
-1
2561
1242
209
2430
824
990
1743
1572
4258
200
3091
3758
713
983
3591
2891
1527
1776
3033
1298
1419
3136
1746
4060
2525
3053
2348
3437
2529
