253
2491
3353
265
2657
3121
5170
6030
2705
326
730
712
1923
1754
4000
3574
1395
1575
4171
3258
3863
2023
158
233
1066
399
1008
2.22
1438
2441
3796
2353
161
1114
1223
1934
1343
1589
328
662
232
3695
1838
4967
2706
1512
1324
4262
4489
5270
965
3351
2832
4361
4281
1668
321
440
1308
1186
3861
-1
6701
1975
1698
799
425
1356
1086
3990
2831
1689
3185
1010
1354
3577
2365
2923
3988
2546
6031
4434
2081
4037
3678
371
4769
4864
5021
-1
-1
3229
1566
263
3064
1039
1248
2198
1982
5369
252
3898
4738
899
1239
4528
3646
1926
2239
3825
1637
1790
3955
2202
5120
3184
3849
2960
4334
3189
