3932
4363
2436
3968
4276
3155
4987
2304
1307
3086
1982
5161
2643
1707
2293
4101
5883
2787
3139
1852
2473
2214
2347
4610
2011
1353
3225
1882
1974
1618
2314
1646
3074
2755
3297
2398
3212
1323
3794
1140
2288
2056
3951
2816
2397
2242
3960
2279
6005
2087
2390
2763
2137
1698
3629
1552
1588
2845
1806
3046
1877
1945
1690
2536
1858
1940
1506
2562
2214
1536
1506
1745
1936
1664
1719
1300
1596
1369
1507
1600
1412
1397
1582
1982
3079
2381
2936
2075
3186
3218
1826
2336
2080
1648
2520
3326
1670
2405
1773
2798
2326
3086
2842
1784
5090
3530
1262
1969
2893
2540
1480
2836
1405
1712
2731
1400
1273
2123
1018
1527
1993
1578
1679
1549
1402
2393
1709
1436
1918
2419
2244
1938
3106
2279
1310
2832
2137
3035
2803
2068
2761
2222
2359
2229
1703
1731
2629
2034
3100
3977
2031
1702
4266
1879
2871
3289
2495
5307
1568
3999
3808
2078
3839
2680
2821
2651
2045
2284
